7.255862671324013746e-01 7.091871945960157575e-01
6.777990163929711542e+00 6.833843453593813067e+00
2.884435803212400451e+00 2.631890783085490959e+00
3.344771258703287842e+00 3.299043089974253995e+00
2.016242339853235421e+00 2.412497068470988104e+00
5.968370460277765410e+00 6.106689519343660777e+00
7.694932499707292095e-01 7.162317515030327542e-01
6.512939425225240164e+00 6.453850773547777031e+00
7.499834651178297840e+00 7.542551279979057277e+00
8.677923670883068041e+00 8.748515978721103536e+00
9.618342738038316853e+00 9.625873268820694051e+00
3.833275633927404336e+00 3.727056732941827377e+00
9.005212682596104301e+00 9.092575875602712188e+00
3.703170728530791322e+00 3.638409687485429700e+00
0.000000000000000000e+00 0.000000000000000000e+00
