4.982253690444181649e-01 2.963314913588477317e-03
8.124605025918274492e-02 2.327944727860545848e-01
3.832753199836100855e-01 4.862704876191104031e-02
3.015323785211428964e-01 6.130684702894406701e-02
4.737327538703258734e-01 4.277939725152613004e-02
1.347540790275468803e-01 1.895851772144749869e-01
4.976175238248664590e-01 3.431176991477546956e-03
9.735284458302528865e-02 2.138013530219975422e-01
4.970287952096108519e-02 2.763374952191747225e-01
1.806454380831812312e-02 3.523002508271647626e-01
1.198409116007659314e-03 4.108430127786633079e-01
2.744121438236120092e-01 7.944950593692989838e-02
1.475914438196046508e-02 3.741616464022885502e-01
2.772306785237865778e-01 7.449679987650204005e-02
5.506710358827784368e-01 0.000000000000000000e+00
